Australia
1990 4240 210940
1991 4240 209420
1992 4240 208693
1993 4240 208526
1994 4240 208232
1995 4240 209054
1996 6379 201427
1997 9571 204517
1998 7442 213016
1999 10069 248501
2000 3480 259432
2001 2236 257091
2002 4315 248105
2003 7573 179743
2004 757 215556
2005 711 175090
2006 5823 221229
2007 2102 212737
2008 471 182970
2009 3405 196182
2010 542 174245
2011 1083 210692
2012 1675 208282
2013 2839 126260
2014 2192 147554
2015 1358 144867
2016 1768 150039
2017 1119 189615
2018 1815 187679
2019 20157 178990
2020 10985 146096
